32  35  0.9997897744178772
40  43  0.9997444152832031
36  39  0.999699592590332
37  40  0.9996927976608276
29  32  0.9996628761291504
33  36  0.9996323585510254
28  31  0.9996253848075867
31  34  0.9995958805084229
34  37  0.9995583295822144
35  38  0.9995514154434204
30  33  0.9995508790016174
38  41  0.9995185136795044
39  42  0.9994864463806152
32  36  0.9994344711303711
26  29  0.9993865489959717
35  39  0.9993712902069092
28  32  0.9993559718132019
43  46  0.9993169903755188
36  40  0.9992873668670654
25  28  0.9992342591285706
44  47  0.9992061257362366
41  44  0.9991967678070068
11  12  0.9991843104362488
31  35  0.9991158246994019
42  45  0.9990443587303162
63  64  0.9989908933639526
33  37  0.9989756345748901
34  38  0.9988053441047668
66  67  0.9987121820449829
27  29  0.9986850023269653
30  32  0.9984579086303711
27  30  0.9984477758407593
29  33  0.9983024597167969
24  27  0.998296856880188
9  12  0.9981886148452759
37  41  0.9981807470321655
24  26  0.9981226921081543
38  42  0.9980898499488831
27  28  0.9980890154838562
39  43  0.9980026483535767
8  11  0.9979704022407532
43  45  0.9979292750358582
25  29  0.9977481365203857
12  13  0.9976480007171631
24  25  0.997644305229187
10  11  0.9975171089172363
24  28  0.9974731206893921
3  4  0.997464656829834
42  44  0.997464656829834
38  40  0.9974550008773804
31  33  0.9974257946014404
39  41  0.9973776340484619
40  44  0.9973071217536926
30  34  0.9972672462463379
27  31  0.99709153175354
25  27  0.9970723390579224
59  60  0.9969083070755005
10  13  0.9968515634536743
44  46  0.9966928362846375
26  28  0.9965604543685913
40  42  0.9965031147003174
28  30  0.9964905381202698
8  10  0.996461033821106
41  43  0.9964017868041992
60  61  0.9963386654853821
43  47  0.9961960911750793
29  31  0.9961755275726318
64  65  0.9960824251174927
45  48  0.9960300922393799
61  62  0.9960116147994995
35  37  0.9958337545394897
45  47  0.9957914352416992
7  8  0.9954358339309692
8  12  0.9952547550201416
61  63  0.9951918125152588
19  20  0.9948761463165283
9  11  0.9944605827331543
8  9  0.9943780899047852
42  46  0.9943244457244873
60  62  0.9943135976791382
46  48  0.9942061305046082
37  39  0.9941601753234863
34  36  0.9941407442092896
23  25  0.9940310716629028
60  63  0.9940040707588196
26  30  0.9938549995422363
46  49  0.9936606884002686
11  13  0.9936552047729492
62  63  0.9936355352401733
59  61  0.9935026168823242
9  13  0.9934491515159607
58  60  0.9933629035949707
7  10  0.9932069778442383
10  12  0.9927191734313965
2  3  0.992573618888855
32  34  0.9924544095993042
7  9  0.9924478530883789
59  62  0.9920455813407898
36  38  0.9917386770248413
22  24  0.9917070269584656
9  10  0.9915543794631958
61  64  0.9914991855621338
47  48  0.9914203882217407
33  35  0.9912376999855042
62  64  0.9909143447875977
41  45  0.9906065464019775
1  2  0.9905602335929871
47  50  0.9905016422271729
25  26  0.9904952049255371
65  66  0.9903393983840942
4  5  0.989998459815979
23  26  0.9898233413696289
26  27  0.9895472526550293
54  55  0.9894787073135376
7  11  0.9894331693649292
44  48  0.9893828630447388
46  47  0.9890738725662231
62  65  0.9888465404510498
22  25  0.988702118396759
11  14  0.9886431097984314
21  24  0.9886348247528076
57  59  0.9884333610534668
56  57  0.9881842732429504
43  63  0.9881306886672974
58  61  0.9880598783493042
48  49  0.9879945516586304
13  14  0.9878231287002563
58  59  0.9876701831817627
47  49  0.9875043630599976
18  19  0.9874809980392456
56  58  0.9870564937591553
42  63  0.987008810043335
14  15  0.9863178730010986
17  18  0.986176609992981
63  65  0.9850932359695435
47  55  0.9839302897453308
5  6  0.9831477403640747
45  46  0.9831035137176514
6  8  0.9830777049064636
20  21  0.9829354286193848
49  50  0.9812164902687073
57  60  0.980969250202179
23  27  0.9801943302154541
56  59  0.9798218011856079
6  9  0.9795514941215515
67  68  0.9792352914810181
28  29  0.9787507057189941
12  14  0.9785491228103638
60  64  0.9780586957931519
20  24  0.9778674840927124
59  63  0.9758948087692261
12  15  0.9757686853408813
10  14  0.9750981330871582
50  52  0.9740728139877319
45  49  0.9737130999565125
5  7  0.9723788499832153
46  50  0.9712638854980469
21  22  0.9711827635765076
55  56  0.9706606864929199
6  7  0.9705905914306641
21  23  0.9700824618339539
58  62  0.9695789217948914
5  8  0.967319667339325
6  10  0.9672483205795288
22  23  0.9641770720481873
57  58  0.9640870094299316
30  31  0.9635251760482788
39  63  0.9607366919517517
61  65  0.9579982757568359
64  66  0.9567244052886963
63  66  0.955613374710083
4  6  0.9554091095924377
38  39  0.9543989896774292
31  32  0.9530507326126099
43  55  0.9517608880996704
15  16  0.9513925909996033
43  59  0.9501876831054688
48  50  0.9487887620925903
35  36  0.9473009705543518
4  7  0.9452672004699707
11  15  0.9440526366233826
5  9  0.9436538219451904
64  67  0.9434471130371094
46  63  0.9429761171340942
23  24  0.9425365328788757
39  40  0.9424019455909729
12  20  0.942196249961853
21  25  0.9404878616333008
46  59  0.9401137828826904
16  17  0.937369704246521
66  68  0.9336445331573486
49  51  0.9333822727203369
20  25  0.9333801865577698
22  26  0.9331328272819519
52  54  0.9327302575111389
44  45  0.9312503337860107
41  42  0.9303187131881714
29  30  0.927444338798523
65  67  0.9233220815658569
57  61  0.9219491481781006
46  62  0.9184451103210449
16  18  0.9182325601577759
50  51  0.9161946773529053
43  60  0.9145368337631226
52  53  0.9118964672088623
42  43  0.9107746481895447
4  8  0.9090104103088379
13  15  0.9073424339294434
42  66  0.9004009962081909
54  56  0.8997438549995422
62  66  0.8994688391685486
47  59  0.8909087181091309
47  52  0.8901476860046387
55  59  0.8888763189315796
39  64  0.8868273496627808
43  44  0.8766731023788452
34  35  0.8673340082168579
8  28  0.8610514402389526
32  33  0.8590103387832642
3  7  0.8585671186447144
56  60  0.8531911969184875
8  25  0.8471561074256897
48  51  0.8440150022506714
14  16  0.8321126103401184
13  16  0.8319157361984253
33  34  0.8318341374397278
17  19  0.8306949138641357
39  67  0.8262405395507812
1  3  0.8208358287811279
44  55  0.8192238211631775
51  52  0.8190214037895203
5  25  0.8110212087631226
63  67  0.8087221384048462
47  54  0.7984491586685181
3  8  0.7966949343681335
5  29  0.7944270372390747
53  54  0.7922666072845459
47  53  0.7845154404640198
65  68  0.782693088054657
37  38  0.7821706533432007
55  60  0.7629126310348511
42  67  0.7608928084373474
9  25  0.7539781332015991
38  67  0.7451111078262329
40  41  0.7404016852378845
52  55  0.7362954020500183
9  20  0.7287414073944092
8  29  0.714431643486023
36  37  0.7056329250335693
18  20  0.6907052993774414
64  68  0.6682335138320923
12  16  0.6500239968299866
12  18  0.6333568692207336
17  20  0.6318565607070923
13  17  0.6280254125595093
3  5  0.6256182193756104
15  17  0.6090250015258789
39  60  0.6000996828079224
48  52  0.59422367811203
46  55  0.5921043753623962
3  29  0.5866518020629883
51  53  0.577283501625061
47  51  0.5662643909454346
13  18  0.5577362179756165
13  20  0.5456582307815552
12  25  0.5281585454940796
3  32  0.5129562616348267
43  62  0.4955631494522095
20  28  0.49529290199279785
12  17  0.4627479910850525
12  28  0.4475265145301819
2  4  0.4261140823364258
50  59  0.41578152775764465
5  26  0.4151379466056824
4  29  0.4135960340499878
20  22  0.4091223478317261
42  62  0.40784651041030884
19  21  0.3888704776763916
40  63  0.37854230403900146
35  67  0.37396425008773804
52  56  0.36897018551826477
16  19  0.3589498996734619
12  24  0.33621448278427124
13  19  0.31939929723739624
52  59  0.3057241439819336
8  20  0.3007155954837799
40  55  0.2951565980911255
55  57  0.2838495969772339
48  53  0.2659051716327667
44  59  0.26432231068611145
12  19  0.2627316117286682
40  60  0.26059117913246155
8  32  0.25716933608055115
3  11  0.2353518009185791
47  56  0.2283187210559845
3  33  0.2070862352848053
3  36  0.2061404585838318
14  17  0.20192575454711914
16  20  0.19691292941570282
44  54  0.18521489202976227
1  4  0.17761006951332092
1  32  0.17725597321987152
39  66  0.17503836750984192
15  18  0.17423611879348755
54  59  0.16395986080169678
3  28  0.15662184357643127
8  24  0.15390144288539886
46  66  0.14832042157649994
53  55  0.14240384101867676
15  19  0.12452313303947449
5  28  0.12292438745498657
3  35  0.1225559189915657
5  22  0.12093893438577652
9  21  0.1138254851102829
46  58  0.11105751246213913
2  29  0.11004576086997986
46  52  0.10550319403409958
5  32  0.1032380536198616
2  5  0.1028403490781784
1  5  0.09993194043636322
1  29  0.09888584166765213
2  32  0.09876982122659683
9  19  0.0987103059887886
50  53  0.09225199371576309
3  6  0.0920022577047348
1  33  0.09088285267353058
1  36  0.0854613408446312
44  53  0.084149569272995
45  63  0.08293607831001282
42  64  0.078704334795475
55  63  0.07769354432821274
38  66  0.07756464183330536
42  59  0.07637467980384827
49  52  0.07294758409261703
6  25  0.0711188018321991
2  33  0.07043315470218658
4  32  0.06891362369060516
43  64  0.0684133991599083
9  22  0.06834835559129715
50  54  0.06678636372089386
48  54  0.06444047391414642
50  55  0.0633808895945549
14  18  0.062127768993377686
15  20  0.06195841729640961
47  60  0.061787333339452744
1  28  0.06093188002705574
53  56  0.059779755771160126
46  60  0.05975579470396042
47  63  0.05819817632436752
17  21  0.055343713611364365
1  35  0.055311813950538635
40  59  0.055084120482206345
43  58  0.055044885724782944
48  55  0.05499451607465744
35  68  0.05339817702770233
39  68  0.052887581288814545
2  7  0.05095257610082626
18  21  0.04998388886451721
50  62  0.049411267042160034
17  25  0.04723827540874481
47  58  0.04711518809199333
4  25  0.04691179841756821
36  60  0.04679708927869797
43  56  0.04622630029916763
1  7  0.045338913798332214
63  68  0.04531073942780495
38  63  0.044825389981269836
2  36  0.044355280697345734
13  21  0.0442659966647625
49  53  0.04314662516117096
35  64  0.04276715964078903
38  68  0.042577873915433884
2  6  0.04221516102552414
9  24  0.041508954018354416
19  24  0.04034513980150223
13  25  0.039094358682632446
3  39  0.03794711083173752
3  25  0.0355992466211319
47  62  0.03473225235939026
5  33  0.03456158563494682
17  24  0.03437459096312523
9  18  0.0335293710231781
9  29  0.03351566940546036
6  29  0.03280174732208252
51  55  0.032700859010219574
2  8  0.03257053345441818
4  28  0.032446786761283875
41  63  0.0318012535572052
20  23  0.03179957717657089
55  58  0.031622860580682755
12  21  0.031530044972896576
51  54  0.030551999807357788
36  67  0.030087869614362717
5  20  0.029780201613903046
7  29  0.029606306925415993
43  54  0.029127337038517
39  62  0.028142478317022324
4  9  0.028008466586470604
36  64  0.027684513479471207
11  28  0.027471745386719704
1  38  0.027374818921089172
1  31  0.02729148417711258
2  35  0.027241211384534836
43  57  0.02691556140780449
5  21  0.026485934853553772
4  33  0.026353182271122932
43  66  0.025723369792103767
5  30  0.02486831322312355
12  29  0.0247487835586071
8  26  0.02430020458996296
39  59  0.02371980994939804
3  30  0.02371028997004032
5  24  0.023584187030792236
1  30  0.02348816767334938
11  16  0.023475639522075653
1  39  0.023444509133696556
9  28  0.02292688749730587
19  22  0.022926507517695427
54  60  0.022725066170096397
50  56  0.022550981491804123
1  37  0.02202647551894188
1  8  0.021898748353123665
32  67  0.02185913175344467
3  26  0.02170046791434288
49  59  0.0214556772261858
1  34  0.02135879173874855
42  68  0.020221944898366928
45  59  0.020070664584636688
54  57  0.01926044374704361
3  31  0.01900220662355423
8  35  0.01897728256881237
41  67  0.018600616604089737
42  65  0.01851382851600647
35  63  0.01817837543785572
44  63  0.017574293538928032
19  25  0.0174880251288414
52  58  0.017306393012404442
3  38  0.017128124833106995
49  55  0.017072364687919617
5  23  0.017065228894352913
1  6  0.016957208514213562
18  22  0.016688091680407524
8  36  0.01639537140727043
6  22  0.01601836457848549
39  61  0.01572621986269951
42  60  0.015497242100536823
32  60  0.015265962108969688
1  68  0.015184897929430008
28  63  0.01500349398702383
40  57  0.014867489226162434
3  40  0.014725420624017715
50  58  0.014697520062327385
45  66  0.014502374455332756
3  60  0.014445170760154724
2  28  0.014435824938118458
44  60  0.014134624972939491
28  60  0.013989107683300972
38  64  0.0137934610247612
10  20  0.013751492835581303
12  32  0.013689668849110603
1  25  0.01361197978258133
14  19  0.01359262689948082
3  37  0.01350867934525013
35  60  0.01339699700474739
54  58  0.013388985767960548
44  56  0.01333408709615469
11  25  0.013290824368596077
53  59  0.013226047158241272
13  24  0.013169849291443825
11  20  0.013167353346943855
32  63  0.01307776290923357
46  51  0.01292941253632307
62  67  0.012854035943746567
46  53  0.012536734342575073
1  64  0.012147510424256325
8  39  0.012140905484557152
1  40  0.01213862095028162
57  62  0.01213736180216074
3  34  0.0121353380382061
28  67  0.01197632122784853
3  10  0.01185518316924572
46  54  0.011754132807254791
25  67  0.01158801931887865
14  20  0.011540539562702179
5  67  0.011487799696624279
47  57  0.011389661580324173
43  67  0.011361520737409592
18  24  0.011284373700618744
8  33  0.011271324008703232
34  67  0.011120136827230453
62  68  0.010816734284162521
61  66  0.010814953595399857
18  25  0.010808500461280346
36  63  0.010691419243812561
6  11  0.01064281165599823
4  30  0.010566587559878826
51  59  0.010545958764851093
8  22  0.010457308031618595
40  56  0.010293432511389256
43  53  0.010220433585345745
49  54  0.010178359225392342
2  39  0.010158130899071693
17  55  0.010098995640873909
41  66  0.010056843981146812
1  50  0.010002106428146362
3  9  0.009981604292988777
1  60  0.009926525875926018
4  26  0.009879796765744686
1  53  0.009877978824079037
15  55  0.009801967069506645
4  35  0.00979526899755001
17  28  0.009754099883139133
46  56  0.009712438099086285
2  38  0.0096884835511446
5  35  0.009669219143688679
8  21  0.009564416483044624
9  23  0.009554545395076275
32  64  0.00952176470309496
1  26  0.009389151819050312
15  54  0.00930220726877451
35  66  0.009284032508730888
1  47  0.009255612269043922
31  67  0.009214751422405243
15  67  0.009197412058711052
29  67  0.009184672497212887
7  28  0.009152404963970184
3  20  0.009026899933815002
3  12  0.009022196754813194
3  59  0.009007016196846962
5  39  0.008991852402687073
3  63  0.008862229995429516
5  36  0.008794155903160572
3  64  0.008737314492464066
4  36  0.008727218955755234
28  64  0.008723950944840908
1  59  0.008708279579877853
48  59  0.008590206503868103
2  37  0.008502773940563202
39  55  0.008485504426062107
1  63  0.008298487402498722
2  30  0.008286801166832447
11  17  0.008155079558491707
17  22  0.008134524337947369
1  61  0.008090512827038765
1  57  0.008024629205465317
8  31  0.007975496351718903
7  32  0.007952520623803139
24  63  0.007938910275697708
2  31  0.0079338438808918
24  67  0.007912768982350826
48  56  0.007907707244157791
5  64  0.007830007001757622
20  27  0.007753409445285797
55  62  0.0077367015182971954
1  67  0.007644345983862877
40  64  0.007625319063663483
1  54  0.007535782642662525
8  19  0.007527000270783901
7  25  0.007513726595789194
1  58  0.007396126631647348
16  55  0.0073648965917527676
11  60  0.007338833995163441
5  10  0.007277070544660091
1  55  0.007177204824984074
2  34  0.007148548029363155
1  62  0.00713026337325573
43  61  0.0069635165855288506
8  64  0.006909942254424095
15  53  0.006886356044560671
1  52  0.006866957992315292
1  56  0.006803959608078003
8  60  0.0067489175125956535
1  51  0.006713523529469967
1  27  0.006594882812350988
33  67  0.006533888168632984
9  14  0.006521300412714481
20  67  0.0064808521419763565
10  15  0.006444254890084267
1  49  0.006365316454321146
9  26  0.006341713946312666
3  47  0.006333918310701847
19  23  0.006289567332714796
1  22  0.006289355456829071
5  68  0.0062876176089048386
1  42  0.006279108580201864
36  68  0.006253986153751612
9  67  0.0062246364541351795
3  55  0.006210201885551214
1  65  0.006159313954412937
45  62  0.006101688370108604
4  10  0.006080755032598972
16  67  0.006072372198104858
13  22  0.006067864131182432
8  63  0.006059201899915934
11  67  0.006005154922604561
3  57  0.005924300290644169
1  48  0.005883168429136276
51  56  0.005820836406201124
4  67  0.005801220424473286
1  46  0.00577821210026741
5  27  0.0057383873499929905
1  66  0.005736185237765312
12  60  0.005647020880132914
53  57  0.005613668356090784
1  11  0.00559304328635335
4  31  0.005507127847522497
1  43  0.005419574677944183
17  67  0.005329611245542765
39  65  0.005315467715263367
11  18  0.005248666275292635
11  32  0.0052238572388887405
3  67  0.0052131726406514645
56  61  0.005110778845846653
5  31  0.00509855430573225
2  25  0.005077283829450607
15  63  0.005072955973446369
12  22  0.005028092302381992
3  43  0.005024808458983898
1  20  0.005010523833334446
2  68  0.005009801127016544
7  12  0.004965758882462978
44  52  0.004919238388538361
24  64  0.004873800091445446
12  63  0.004851176869124174
31  36  0.004844311159104109
25  66  0.004842321388423443
17  54  0.004821421578526497
8  43  0.00481805857270956
4  39  0.004804979544132948
15  52  0.00478624040260911
2  11  0.004778324626386166
49  56  0.004753290209919214
12  43  0.004725228063762188
14  53  0.00470658577978611
12  23  0.004670726601034403
40  54  0.004627949558198452
4  63  0.004619607701897621
5  63  0.004580269567668438
61  67  0.00457984022796154
4  68  0.004560988862067461
52  57  0.004525530152022839
37  67  0.004494699649512768
4  22  0.0044916002079844475
11  63  0.004478151444345713
58  63  0.004475196823477745
6  20  0.004448755644261837
16  53  0.004437310621142387
11  64  0.004435241222381592
3  61  0.004420036915689707
16  54  0.0044088964350521564
12  67  0.004380636848509312
8  13  0.004373456817120314
3  56  0.00432630768045783
8  27  0.004324828274548054
31  63  0.004318214021623135
4  64  0.004307952709496021
6  26  0.00430462509393692
21  67  0.004269367083907127
1  9  0.004260453395545483
20  29  0.004226390738040209
9  17  0.004216702189296484
3  42  0.004206924699246883
8  23  0.00420000683516264
2  40  0.0041809906251728535
16  21  0.004169122315943241
12  64  0.004085313994437456
2  64  0.004071976989507675
34  68  0.0040306528098881245
3  54  0.004030141048133373
3  22  0.004007665440440178
60  65  0.0039993575774133205
1  41  0.003916426096111536
3  68  0.003905532881617546
1  10  0.0038904615212231874
3  66  0.003878937102854252
8  46  0.0038337549194693565
43  52  0.0037774222437292337
9  68  0.003750115865841508
49  62  0.0037428010255098343
3  27  0.003715802915394306
15  50  0.0037074731662869453
6  21  0.003685941221192479
1  44  0.003673599101603031
25  63  0.00367186451330781
15  60  0.003670227248221636
11  55  0.0036655201110988855
50  63  0.0036534457467496395
8  67  0.003631012048572302
53  58  0.0036291154101490974
6  28  0.0036223293282091618
32  68  0.003587162122130394
61  68  0.0035750987008213997
3  58  0.0035747960209846497
8  40  0.0035484558902680874
3  46  0.0035331258550286293
10  19  0.0035045361146330833
3  62  0.0035034404136240482
52  60  0.003492172807455063
19  67  0.003458841936662793
3  53  0.003400917164981365
18  67  0.003369392128661275
9  15  0.003345842007547617
57  63  0.0033406829461455345
25  64  0.0033328873105347157
4  66  0.0033328153658658266
15  68  0.0033133160322904587
2  67  0.0033123865723609924
12  27  0.0032853339798748493
5  60  0.003274522954598069
17  23  0.003246731823310256
3  52  0.0032260227017104626
17  53  0.003187238471582532
15  64  0.0031762279104441404
33  68  0.0031652962788939476
13  67  0.003164067165926099
7  68  0.003158287610858679
15  25  0.0031045242212712765
1  45  0.003098077606409788
7  64  0.003089522011578083
5  66  0.00307634100317955
17  63  0.003074102569371462
1  21  0.0030709323473274708
31  64  0.0030689993873238564
20  55  0.0030608931556344032
6  32  0.003050004132091999
16  68  0.0030423728749156
7  67  0.003036537440493703
27  32  0.0030076170805841684
15  59  0.0030040971469134092
17  64  0.002986882347613573
3  50  0.0029625268653035164
31  60  0.0029601205606013536
52  62  0.0029450065921992064
8  18  0.002942328806966543
15  51  0.002904615830630064
20  63  0.002888911636546254
4  38  0.002874279860407114
4  11  0.0028675550129264593
23  28  0.0028560617938637733
8  47  0.0028502249624580145
14  52  0.002810355043038726
5  59  0.0028077783063054085
40  67  0.0027713794261217117
1  19  0.0027599562890827656
1  24  0.0027413605712354183
20  64  0.002738573355600238
14  54  0.0027291784062981606
46  65  0.0026970678009092808
17  68  0.002685046987608075
54  63  0.0026735865976661444
3  65  0.0026425959076732397
2  47  0.0026417665649205446
23  67  0.0026394608430564404
14  50  0.002634652890264988
2  66  0.0026259534060955048
2  10  0.0026184311136603355
14  55  0.0026150401681661606
12  50  0.002609109738841653
10  18  0.0026062990073114634
11  24  0.002550601726397872
5  38  0.00253305584192276
14  67  0.002527860226109624
27  67  0.0025005601346492767
15  57  0.002481932984665036
42  55  0.0024763341061770916
6  68  0.0024714323226362467
12  46  0.002460379619151354
9  32  0.0024392809718847275
4  34  0.0024304226972162724
41  55  0.002428833395242691
2  50  0.0024259639903903008
17  56  0.00240006810054183
4  59  0.002395083662122488
2  26  0.0023605837486684322
6  67  0.002358692931011319
5  57  0.0023449419531971216
15  56  0.002336790319532156
17  52  0.00233464571647346
2  65  0.0023332934360951185
31  68  0.0023148979526013136
3  48  0.0023073034826666117
2  42  0.0023063579574227333
2  61  0.002303045243024826
21  26  0.002262665657326579
16  25  0.002260856796056032
32  37  0.0022461938206106424
12  68  0.0022445402573794127
13  68  0.0022349897772073746
12  55  0.002231928985565901
56  62  0.002225275617092848
29  68  0.0022239151876419783
3  41  0.002220301888883114
2  60  0.0022058780305087566
11  47  0.002201252616941929
4  60  0.002200368093326688
46  67  0.0021999250166118145
1  23  0.0021963578183203936
4  24  0.0021960653830319643
15  24  0.0021789069287478924
14  68  0.0021596597507596016
20  68  0.002146645449101925
17  60  0.002135621616616845
11  43  0.0021273698657751083
18  68  0.0021147257648408413
15  58  0.0021126025822013617
3  24  0.002112253336235881
4  37  0.0021092293318361044
4  57  0.002099707955494523
15  21  0.0020995629020035267
16  59  0.002091874834150076
16  64  0.0020910389721393585
4  12  0.0020873642060905695
15  28  0.002073005773127079
21  68  0.002070127986371517
11  52  0.002068932633846998
16  24  0.0020538130775094032
2  57  0.0020510368049144745
2  63  0.00204680860042572
16  52  0.002045661211013794
29  64  0.0020418025087565184
45  55  0.002038766862824559
5  40  0.002031844574958086
11  50  0.0020249555818736553
5  61  0.0020191415678709745
9  64  0.0020079961977899075
17  59  0.0020041875541210175
19  68  0.001997430343180895
5  11  0.0019959695637226105
28  66  0.0019922051578760147
11  36  0.001984771341085434
3  49  0.0019845496863126755
16  60  0.001983444672077894
54  62  0.0019807745702564716
11  68  0.0019784262403845787
5  65  0.0019588086288422346
45  50  0.0019564686808735132
8  30  0.0019497667672112584
2  53  0.0019435217836871743
4  20  0.001940423739142716
25  68  0.0019312156364321709
52  63  0.0019251022022217512
16  63  0.0019247616874054074
13  54  0.001907756901346147
2  55  0.0019061258062720299
38  60  0.0018959667067974806
2  58  0.0018880567513406277
3  51  0.0018863101722672582
14  49  0.0018853457877412438
5  56  0.0018850052729249
7  33  0.0018753311596810818
12  47  0.0018747447757050395
13  53  0.0018686032854020596
1  18  0.0018685872200876474
2  48  0.0018587310332804918
2  56  0.0018551831599324942
6  64  0.001849416526965797
11  57  0.001837254036217928
24  29  0.001831715228036046
10  17  0.0018297835486009717
27  60  0.0018296681810170412
12  26  0.0018202324863523245
2  59  0.0018193041905760765
34  39  0.0018089800141751766
4  56  0.0018037644913420081
15  66  0.0018014037050306797
11  46  0.0017823473317548633
37  68  0.0017814012244343758
4  61  0.0017810025019571185
12  39  0.001780397491529584
3  44  0.001772459363564849
11  59  0.0017710195388644934
22  67  0.0017696432769298553
22  27  0.0017691021785140038
14  51  0.0017532010097056627
10  21  0.0017522976268082857
4  52  0.0017520959954708815
39  57  0.0017504121642559767
46  64  0.0017455460038036108
10  67  0.0017428119899705052
5  43  0.0017415010370314121
59  64  0.001738503691740334
7  63  0.00173409772105515
40  53  0.00172057980671525
11  53  0.0017192778177559376
17  57  0.0016974748577922583
30  67  0.001692508114501834
4  65  0.0016907331300899386
8  59  0.0016873166896402836
9  16  0.0016673963982611895
8  68  0.0016672748606652021
50  60  0.0016570976004004478
8  55  0.0016464591026306152
36  57  0.001637945999391377
35  40  0.0016344088362529874
4  53  0.001633770065382123
8  57  0.0016309000784531236
12  59  0.0016296342946588993
2  52  0.0016256989911198616
18  55  0.0016245308797806501
44  50  0.001623597927391529
16  51  0.0016226070001721382
4  62  0.0016177762299776077
2  49  0.0016117907362058759
13  55  0.0015986585058271885
2  54  0.0015888756606727839
40  62  0.0015761620597913861
7  55  0.0015743859112262726
5  52  0.0015732456231489778
7  60  0.0015662506921216846
5  58  0.0015636775642633438
3  21  0.001560586504638195
11  29  0.0015530013479292393
10  25  0.001549881766550243
6  33  0.0015346284490078688
20  59  0.001531860907562077
6  23  0.0015273357275873423
15  62  0.0015233971644192934
5  37  0.0015187374083325267
41  59  0.0015172845451161265
5  55  0.0015118850860744715
11  54  0.001509109977632761
18  23  0.0015065018087625504
12  44  0.001500834128819406
4  50  0.0014981846325099468
23  68  0.0014961619162932038
2  43  0.0014856052584946156
26  67  0.0014795842580497265
6  24  0.001472960808314383
50  57  0.001464898232370615
2  41  0.0014610248617827892
2  62  0.0014582714065909386
13  50  0.001457826467230916
17  66  0.001454687211662531
20  66  0.0014475792413577437
36  59  0.0014467171858996153
32  66  0.0014428494032472372
12  53  0.0014325145166367292
12  36  0.0014304997166618705
49  58  0.001424816669896245
4  40  0.0014246805803850293
40  68  0.001422088942490518
24  68  0.001420203479938209
4  58  0.001416210550814867
3  23  0.0014144391752779484
9  66  0.0014104656875133514
12  52  0.001407900359481573
36  66  0.0014024069532752037
42  58  0.0013996233465149999
4  55  0.0013978724600747228
27  63  0.0013947299448773265
16  66  0.0013893735595047474
40  66  0.001389229204505682
12  57  0.001385039184242487
17  51  0.0013822070322930813
22  68  0.0013800106244161725
46  61  0.001372813479974866
11  19  0.001364222727715969
10  68  0.0013540334766730666
2  46  0.0013496526516973972
5  19  0.0013403849443420768
7  36  0.0013337340205907822
2  51  0.0013297717086970806
59  65  0.0013195537030696869
43  68  0.0013112220913171768
5  62  0.0013060234487056732
5  34  0.0013015930308029056
21  27  0.0013013842981308699
2  9  0.0013011046685278416
8  15  0.0012979614548385143
18  52  0.0012977001024410129
4  54  0.0012938156723976135
21  66  0.0012896223925054073
8  61  0.0012891741935163736
16  57  0.0012882471783086658
44  62  0.0012852619402110577
24  66  0.0012840589042752981
16  50  0.0012805538717657328
18  53  0.0012789468746632338
15  49  0.0012753093615174294
11  66  0.0012679924257099628
55  61  0.0012568628881126642
5  54  0.001250309869647026
18  54  0.0012360549299046397
44  51  0.0012345487484708428
24  60  0.0012344236019998789
59  68  0.0012341131223365664
5  53  0.0012335050851106644
18  63  0.0012323458213359118
28  68  0.0012261841911822557
14  59  0.0012243107194080949
16  58  0.0012227674014866352
13  23  0.0012150175170972943
5  42  0.0012137525482103229
16  56  0.001210946822538972
21  28  0.001202242448925972
3  45  0.0012016018154099584
13  52  0.001201094128191471
17  50  0.0011957504320889711
13  28  0.0011919708922505379
7  56  0.0011908335145562887
12  54  0.0011896071955561638
51  58  0.0011868198635056615
7  59  0.0011858766665682197
2  22  0.0011810511350631714
10  55  0.0011776362080127
6  63  0.0011714844731613994
44  57  0.0011665039928629994
18  59  0.0011651726672425866
12  31  0.0011641805758699775
15  46  0.0011568015906959772
43  65  0.0011531853815540671
16  22  0.0011504240101203322
1  12  0.0011257035657763481
41  68  0.0011229111114516854
8  42  0.0011201529996469617
49  63  0.0011179799912497401
2  44  0.001116652972996235
15  47  0.0011147580808028579
17  58  0.001110935932956636
60  68  0.001104216556996107
19  28  0.0011025535641238093
11  56  0.0010998973157256842
12  61  0.0010879671899601817
5  50  0.0010842654155567288
27  64  0.0010752895614132285
5  47  0.0010751866502687335
26  31  0.0010743159800767899
46  57  0.0010722355218604207
10  16  0.0010672108037397265
11  58  0.0010670458432286978
11  39  0.0010618193773552775
20  54  0.0010597315849736333
5  51  0.0010554767213761806
14  63  0.0010501439683139324
28  59  0.0010486618848517537
4  23  0.001047870027832687
4  51  0.001043385942466557
10  52  0.00104100676253438
17  62  0.0010365231428295374
24  59  0.0010273652151226997
17  29  0.0010146816493943334
29  63  0.001013983623124659
7  57  0.0010139828082174063
9  63  0.0010066452668979764
35  59  0.0010065209353342652
7  35  0.0010029220720753074
4  27  0.0009971035178750753
38  65  0.0009962933836504817
5  17  0.0009894553804770112
1  16  0.0009878553682938218
4  21  0.0009789466857910156
29  66  0.0009755686623975635
60  66  0.0009746412979438901
38  62  0.0009746178984642029
36  61  0.000973247573710978
13  51  0.0009690863080322742
40  58  0.0009591340203769505
12  51  0.000953929964452982
20  60  0.0009484404581598938
3  13  0.0009455684339627624
58  64  0.0009448709315620363
33  66  0.0009424839518032968
19  53  0.0009314158814959228
44  66  0.0009255362674593925
10  64  0.0009228654089383781
19  55  0.00091797043569386
12  66  0.0009175253799185157
18  66  0.0009145950898528099
11  35  0.0009107968653552234
19  54  0.0009067841456271708
7  53  0.0009056866983883083
23  66  0.0009033369133248925
16  28  0.0008949644397944212
44  49  0.0008949231123551726
8  56  0.0008929846808314323
2  20  0.0008925217553041875
3  15  0.0008923651766963303
7  52  0.0008904212154448032
4  47  0.0008874194463714957
58  67  0.0008873698534443974
1  17  0.0008849173318594694
28  62  0.0008829494472593069
53  60  0.0008818595670163631
14  66  0.0008815465262159705
10  53  0.0008778395713306963
13  63  0.0008775849128141999
8  62  0.0008756578317843378
10  22  0.0008729185210540891
12  40  0.0008700989419594407
7  54  0.000863358611240983
24  62  0.0008618775755167007
12  58  0.0008572959341108799
14  21  0.0008522337302565575
4  49  0.0008516858797520399
14  57  0.0008452509064227343
4  42  0.0008425305131822824
39  58  0.0008414763142354786
60  67  0.0008410060545429587
5  44  0.0008325325325131416
12  33  0.000830572156701237
56  63  0.0008281578775495291
7  13  0.0008259767782874405
11  61  0.0008241046452894807
30  68  0.0008224553894251585
12  35  0.0008199673029594123
12  62  0.0008172001107595861
18  28  0.0008160847937688231
14  64  0.0008143926970660686
8  14  0.0008101937128230929
5  46  0.0008099401602521539
8  44  0.0008098474936559796
6  57  0.0008066075388342142
27  55  0.000804467941634357
9  53  0.0008030399330891669
4  43  0.0008015570929273963
6  53  0.0007998403161764145
27  66  0.0007974959444254637
34  66  0.0007968213758431375
6  52  0.0007899935590103269
33  38  0.000787189812399447
27  68  0.0007858973694965243
15  65  0.0007847315864637494
42  61  0.0007826564251445234
59  67  0.0007809878443367779
13  64  0.0007804881315678358
8  66  0.0007791518582962453
6  66  0.0007777157006785274
39  56  0.0007762364693917334
33  64  0.000771949184127152
2  27  0.0007672059000469744
2  45  0.000764814205467701
20  26  0.0007636048831045628
14  56  0.0007631774060428143
11  31  0.000761350616812706
1  13  0.0007609055610373616
11  65  0.0007597741205245256
11  51  0.0007558133220300078
27  59  0.0007520357612520456
13  29  0.0007506886613555253
32  59  0.000745458179153502
7  61  0.0007408969104290009
7  66  0.0007390109822154045
35  57  0.000737462833058089
9  60  0.0007367947255261242
31  66  0.000732970773242414
11  49  0.0007327490020543337
34  64  0.0007283729501068592
11  21  0.0007225236622616649
21  59  0.0007217526435852051
28  55  0.0007197270169854164
6  35  0.0007171803154051304
41  62  0.0007150850724428892
7  62  0.0007073965389281511
7  65  0.0007064329693093896
29  60  0.0007061739452183247
6  55  0.0007041007629595697
46  68  0.0007036444148980081
36  55  0.000699566095136106
19  66  0.0006989366374909878
19  52  0.000698006188031286
8  54  0.0006958582671359181
10  50  0.0006931711686775088
11  62  0.0006910313968546689
51  62  0.0006897394196130335
8  38  0.0006883880123496056
1  15  0.0006846990436315536
6  65  0.000680269324220717
14  58  0.0006797095411457121
7  50  0.0006795742083340883
26  68  0.0006765513680875301
5  48  0.0006761369295418262
12  42  0.0006744813872501254
18  51  0.0006732413312420249
7  58  0.000670264009386301
18  56  0.0006691188900731504
6  56  0.0006667787674814463
3  19  0.0006654240423813462
9  65  0.0006652601296082139
8  58  0.000663751270622015
6  54  0.0006601264467462897
12  65  0.0006574972067028284
25  30  0.0006571819540113211
28  33  0.0006499355658888817
9  52  0.0006496995338238776
10  54  0.0006491692620329559
6  12  0.000648452085442841
4  46  0.000644364976324141
58  68  0.0006414197268895805
7  20  0.0006336820661090314
18  64  0.000632928335107863
9  57  0.0006308649899438024
9  43  0.0006303692352958024
14  60  0.0006241651135496795
24  55  0.0006212452426552773
20  62  0.0006208008853718638
8  16  0.0006198800401762128
7  39  0.0006150873377919197
8  65  0.0006129707908257842
48  63  0.0006120815523900092
21  63  0.0006100520840846002
15  61  0.0006071472307667136
13  59  0.000606936402618885
30  35  0.0006067234207876027
1  14  0.0006060012383386493
40  52  0.0006053835968486965
6  61  0.0006046187481842935
5  18  0.0006044765468686819
13  66  0.0006004143506288528
6  58  0.0005982272559776902
4  48  0.0005975287640467286
11  44  0.0005966611788608134
7  47  0.0005920110852457583
16  65  0.0005911037442274392
41  54  0.0005885782884433866
10  60  0.0005837578792124987
40  61  0.0005835645133629441
9  58  0.0005834507173858583
45  54  0.0005818519275635481
9  39  0.0005791037110611796
9  61  0.0005783931701444089
9  59  0.0005726083181798458
9  54  0.0005726024974137545
7  51  0.0005661941831931472
12  56  0.0005640347953885794
13  57  0.0005618010181933641
37  66  0.0005616868147626519
18  62  0.0005593971000052989
13  58  0.0005577071569859982
21  54  0.0005571427755057812
6  30  0.0005553720984607935
22  66  0.0005497269448824227
8  50  0.0005490937037393451
22  28  0.0005461740656755865
6  60  0.0005443560075946152
3  14  0.0005422424292191863
18  58  0.0005411827005445957
10  59  0.0005393687752075493
9  47  0.0005391970044001937
18  60  0.0005387015407904983
9  55  0.0005385121912695467
20  53  0.000537589774467051
35  55  0.0005369454738683999
8  17  0.0005368259735405445
26  66  0.0005295287119224668
5  49  0.000529146462213248
5  12  0.0005248247180134058
16  62  0.0005241126054897904
45  53  0.0005240137688815594
6  51  0.0005239031161181629
5  41  0.0005236807046458125
10  63  0.000523202121257782
48  62  0.0005225172499194741
15  43  0.0005224242340773344
19  63  0.0005219903541728854
8  52  0.0005211021634750068
9  40  0.000520627130754292
25  62  0.0005203059408813715
13  60  0.0005201270687393844
6  59  0.0005200175801292062
33  63  0.0005124252056702971
3  18  0.0005086673772893846
20  52  0.0005075532826595008
47  66  0.0005012400215491652
57  64  0.0005001513054594398
17  65  0.0004977271892130375
23  63  0.0004958284553140402
37  60  0.0004948335117660463
9  42  0.0004946832777932286
11  48  0.0004944801330566406
21  53  0.0004904851084575057
9  33  0.0004901778884232044
6  36  0.0004862865898758173
7  46  0.00048607963253743947
19  59  0.00048570570652373135
8  53  0.00048227160004898906
13  49  0.0004780572489835322
51  57  0.0004770951345562935
13  56  0.0004687785403802991
12  48  0.0004686799948103726
43  48  0.0004654613439925015
2  23  0.00046429119538515806
9  50  0.00046399282291531563
44  58  0.00046292608021758497
35  65  0.0004621648113243282
25  58  0.0004589863820001483
55  64  0.0004564159899018705
38  43  0.0004546565469354391
6  62  0.00045327364932745695
18  50  0.00045201575267128646
14  65  0.00045150265214033425
21  52  0.0004497830232139677
11  27  0.0004455411108210683
12  45  0.0004436087911017239
11  40  0.0004402272461447865
11  42  0.00043894926784560084
10  57  0.0004380072350613773
10  58  0.00043698615627363324
58  65  0.00043696784996427596
23  64  0.00043516012374311686
5  13  0.000434843183029443
10  51  0.00043255521450191736
12  49  0.0004317204584367573
14  25  0.0004316252307035029
4  41  0.00043143867515027523
6  50  0.0004299599095247686
13  62  0.00042696730815805495
8  34  0.00042544264579191804
10  66  0.0004248192999511957
15  48  0.000423339253757149
9  51  0.00042025718721561134
14  62  0.0004177321679890156
2  24  0.0004124182742089033
34  63  0.0004109222791157663
36  41  0.00041084387339651585
18  57  0.00040362123399972916
57  65  0.00040306258597411215
17  61  0.0004011313430964947
50  61  0.00039747741539031267
13  65  0.00039183697663247585
15  22  0.00039101007860153913
16  61  0.0003905605408363044
4  13  0.00039047771133482456
4  44  0.00039014636422507465
16  49  0.00038996670627966523
7  31  0.00038991807377897203
2  21  0.0003897609421983361
14  46  0.0003896442358382046
21  64  0.00038625163142569363
10  28  0.00038419454358518124
25  57  0.00038365565706044436
19  62  0.0003804804291576147
9  62  0.00037964072544127703
38  59  0.0003795773664023727
37  57  0.0003795496595557779
19  51  0.0003778845421038568
17  27  0.0003771863121073693
2  12  0.00037649297155439854
5  45  0.000375495757907629
9  48  0.00037535763112828135
6  18  0.00037466612411662936
25  60  0.00037366902688518167
15  42  0.0003735508071258664
5  16  0.0003699712688103318
41  56  0.0003696707426570356
19  64  0.0003672655439004302
58  66  0.00036533898673951626
7  42  0.0003650029539130628
25  59  0.0003635567263700068
7  24  0.00036314508179202676
45  65  0.0003627357946243137
3  16  0.00036107670166529715
45  51  0.00036032823845744133
45  52  0.0003601836506277323
49  66  0.00035844967351295054
6  27  0.00035809012479148805
9  46  0.0003579785116016865
6  17  0.0003543675411492586
29  59  0.00035024387761950493
9  49  0.000350142945535481
11  45  0.00034630854497663677
45  67  0.0003444291651248932
3  17  0.0003440410946495831
7  22  0.0003423366288188845
4  19  0.0003414797247387469
54  61  0.0003404070157557726
39  44  0.0003402289585210383
6  19  0.0003368831821717322
42  56  0.00033463456202298403
7  21  0.0003327431622892618
6  39  0.00033233777503483
15  23  0.00033180974423885345
48  58  0.0003287197323516011
9  27  0.00032800453482195735
32  61  0.00032649649074301124
9  44  0.00032478885259479284
43  49  0.0003232348244637251
14  61  0.0003223842359147966
10  24  0.0003217406338080764
30  66  0.0003216346085537225
41  60  0.0003210072172805667
41  64  0.000319549668347463
17  26  0.00031599041540175676
51  63  0.00031544684316031635
43  50  0.0003141807683277875
51  60  0.00031287362799048424
7  23  0.00031190059962682426
14  48  0.00031131922150962055
37  42  0.0003102992195636034
2  19  0.00031006368226371706
8  37  0.0003094282583333552
8  51  0.0003076713182963431
2  13  0.0003073824045713991
8  48  0.0003059905138798058
6  31  0.0003053527616430074
6  15  0.0003050676896236837
53  62  0.0003040528972633183
20  56  0.0003028091450687498
41  57  0.0003000645665451884
42  57  0.00029975935467518866
31  59  0.0002988798951264471
42  54  0.0002971261856146157
19  56  0.00029555067885667086
9  56  0.00029279981390573084
6  42  0.0002927638706751168
33  60  0.0002923080464825034
28  61  0.0002922566491179168
15  29  0.0002922520216088742
17  49  0.0002906866429839283
53  63  0.0002892755437642336
10  65  0.000287618808215484
49  57  0.00028304540319368243
32  62  0.00028267037123441696
7  40  0.00028216425562277436
42  47  0.00028193669277243316
21  55  0.00028176000341773033
23  59  0.0002794797474052757
7  48  0.000275695463642478
25  65  0.00027357361977919936
9  36  0.00027310632867738605
4  18  0.00027204182697460055
13  26  0.00026801545755006373
5  15  0.0002650427049957216
21  65  0.00026467940188013017
13  48  0.0002620325540192425
7  49  0.00026185865863226354
32  57  0.00026035369955934584
20  58  0.0002595693222247064
48  57  0.0002589783980511129
41  53  0.0002586488553788513
13  46  0.0002575883117970079
7  26  0.0002575178223196417
18  29  0.00025612738681957126
45  58  0.00025594219914637506
14  24  0.00025563075905665755
10  29  0.00025427178479731083
20  31  0.0002506923337932676
13  61  0.0002503176510799676
37  63  0.0002498145040590316
5  14  0.0002491812047082931
6  46  0.00024901071446947753
10  56  0.00024870835477486253
59  66  0.00024801387917250395
19  50  0.0002451356849633157
13  44  0.00024377170484513044
21  29  0.00024326860147994012
6  14  0.00024258253688458353
2  14  0.00024220802879426628
4  45  0.00024166938965208828
15  44  0.00024137902073562145
21  62  0.00024061885778792202
21  58  0.00024046452017500997
14  47  0.00024026747269090265
24  32  0.00024025177117437124
36  65  0.00024004682200029492
9  30  0.00023985376174096018
23  53  0.00023730885004624724
24  57  0.00023661155137233436
7  43  0.00023637889535166323
8  45  0.00023617432452738285
20  57  0.00023504637647420168
20  65  0.00023355185112450272
10  61  0.00023092361516319215
36  43  0.00023008395510260016
36  58  0.0002263789065182209
20  32  0.00022518272453453392
7  14  0.00022167328279465437
21  57  0.0002214189007645473
31  55  0.0002211620594607666
23  54  0.0002211070095654577
38  57  0.00022094641462899745
45  60  0.00022015681315679103
31  57  0.00021983686019666493
39  54  0.00021913100499659777
21  56  0.00021770525199826807
15  32  0.00021737933275289834
47  61  0.00021678456687368453
8  49  0.00021649914560839534
7  44  0.00021440524142235518
16  23  0.00021336684585548937
35  61  0.00021289859432727098
10  49  0.00021288602147251368
18  65  0.00021062347514089197
50  66  0.00021013421064708382
23  62  0.0002068172034341842
23  55  0.00020637569832615554
19  57  0.00020566224702633917
12  37  0.00020487647270783782
4  14  0.0002027287264354527
7  18  0.0002010109310504049
38  61  0.0002005120477406308
6  16  0.0001973166799871251
24  65  0.00019706113380379975
29  62  0.0001969801087398082
17  47  0.00019653711933642626
11  33  0.00019634336058516055
41  52  0.00019614931079559028
43  51  0.00019451133266557008
23  29  0.00019364140462130308
12  41  0.00019295577658340335
9  31  0.00019260075350757688
36  62  0.00019139931828249246
22  64  0.0001911637227749452
24  58  0.0001905598328448832
13  47  0.00019028662063647062
19  58  0.00019028162932954729
13  43  0.00019010493997484446
15  45  0.00018733085016719997
30  64  0.00018732500029727817
25  32  0.00018660491332411766
30  63  0.0001863590005086735
9  35  0.00018625514348968863
7  38  0.00018510580412112176
26  63  0.00018485987675376236
27  56  0.0001847000530688092
16  29  0.00018319691298529506
10  47  0.0001831188565120101
7  30  0.00018093708786182106
6  13  0.0001800012105377391
16  48  0.00017960972036235034
32  65  0.00017873672186397016
18  26  0.00017867347924038768
10  46  0.00017843875684775412
6  40  0.00017822833615355194
6  49  0.00017760321497917175
11  22  0.0001768703368725255
28  36  0.00017671470413915813
2  18  0.00017488651792518795
22  63  0.00017359296907670796
19  60  0.0001727874914649874
16  42  0.00017263453628402203
22  59  0.00017247024516109377
20  50  0.00017229674267582595
7  19  0.00017009934526868165
28  57  0.00016854256682563573
47  64  0.0001684844755800441
45  68  0.0001683856826275587
2  15  0.000168043770827353
37  64  0.00016679850523360074
25  61  0.0001664706796873361
29  34  0.00016556400805711746
32  55  0.0001650619087740779
29  61  0.0001648948818910867
20  51  0.00016044636140577495
16  47  0.00016040817718021572
31  62  0.00015989592066034675
21  51  0.0001596071815583855
6  45  0.00015901659207884222
7  37  0.00015899899881333113
57  66  0.00015883632295299321
42  53  0.00015746642020531
6  38  0.00015728725702501833
23  65  0.0001567615254316479
40  45  0.00015547849761787802
35  56  0.0001548486907267943
19  29  0.00015299585356842726
10  48  0.00015238518244586885
6  37  0.00015215663006529212
35  62  0.00015203951625153422
7  45  0.0001509139983681962
45  56  0.0001502041850471869
29  65  0.00014890213788021356
27  57  0.00014871313760522753
41  65  0.0001485635875724256
22  55  0.00014817426563240588
40  47  0.0001478773046983406
24  61  0.0001477846089983359
4  15  0.0001470581628382206
23  58  0.00014677696162834764
18  61  0.00014677131548523903
17  48  0.0001467484689783305
2  16  0.00014547914906870574
6  48  0.00014517753152176738
21  60  0.00014450005255639553
15  27  0.0001433737197658047
26  64  0.0001427957322448492
57  68  0.00014116127567831427
6  47  0.00013899536861572415
10  62  0.00013798227882944047
31  61  0.00013735322863794863
19  27  0.00013720823335461318
56  64  0.00013715217937715352
7  16  0.00013611107715405524
6  43  0.00013547914568334818
11  23  0.00013522928929887712
29  58  0.00013383073383010924
17  46  0.0001335963315796107
8  41  0.00013316019612830132
40  65  0.0001327163481619209
57  67  0.00012971292017027736
44  64  0.00012912544480059296
14  22  0.00012718582001980394
9  45  0.00012716275523416698
18  49  0.00012684290413744748
4  17  0.0001254814415005967
10  23  0.00012507892097346485
22  54  0.00012477760901674628
17  43  0.00012436772522050887
7  27  0.00012397505633998662
13  45  0.00012378829705994576
15  40  0.00012358679668977857
52  61  0.00012355858052615076
41  46  0.0001224515144713223
26  32  0.0001222620194312185
23  56  0.000120436743600294
19  65  0.00011968858598265797
24  54  0.00011878082295879722
17  32  0.00011839446960948408
33  65  0.00011835116310976446
28  58  0.00011819634528364986
48  60  0.0001176106306957081
22  53  0.0001170290051959455
27  58  0.0001162845001090318
2  17  0.0001161746185971424
40  46  0.0001157327787950635
34  60  0.00011530374467838556
23  52  0.0001149647869169712
15  31  0.0001145379210356623
18  47  0.00011411839659558609
20  61  0.0001138806328526698
42  52  0.00011278140300419182
47  68  0.00011241951142437756
12  30  0.00011187665222678334
7  34  0.00011163432645844296
56  68  0.00011046087456634268
34  57  0.00010951825242955238
33  59  0.00010872473649214953
4  16  0.00010853196727111936
35  58  0.00010840767936315387
38  55  0.00010827327787410468
22  65  0.00010821263276739046
53  61  0.00010810209641931579
13  42  0.00010797067079693079
37  55  0.00010748076601885259
39  53  0.00010679898696253076
24  56  0.00010584897245280445
28  35  0.00010448305692989379
23  61  0.0001042787916958332
23  60  0.00010346234194003046
39  47  0.00010292149818269536
33  57  0.00010284772724844515
14  45  0.00010262406431138515
24  31  0.00010232524800812826
15  41  0.00010204382851952687
27  62  0.00010156602365896106
29  57  0.00010130841110367328
39  46  0.00010111906158272177
10  45  0.00010085641406476498
54  68  0.00010049094271380454
14  44  9.979188325814903e-05
45  64  9.922131721395999e-05
15  39  9.881514415610582e-05
47  67  9.827299800235778e-05
12  38  9.770877659320831e-05
19  61  9.728432632982731e-05
22  29  9.666150435805321e-05
55  68  9.641118231229484e-05
36  56  9.568395762471482e-05
28  65  9.52694535953924e-05
6  34  9.52380578382872e-05
11  38  9.485148621024564e-05
44  67  9.455350664211437e-05
37  58  9.42917904467322e-05
6  44  9.42729675443843e-05
16  46  9.40443278523162e-05
10  43  9.377240348840132e-05
37  59  9.356743248645216e-05
37  54  9.352364577353e-05
16  27  9.332357149105519e-05
22  30  9.32397015276365e-05
9  41  9.246384433936328e-05
21  50  9.218062041327357e-05
18  48  9.208959090756252e-05
10  32  9.192192374030128e-05
39  52  9.152881830232218e-05
20  47  9.116948785958812e-05
41  47  9.097103611566126e-05
11  26  9.051839879248291e-05
19  49  8.985227032098919e-05
41  58  8.959810656961054e-05
18  27  8.91624586074613e-05
14  43  8.841602539177984e-05
17  44  8.825397526379675e-05
44  68  8.797509508440271e-05
19  26  8.775645983405411e-05
49  60  8.765351958572865e-05
25  56  8.734627044759691e-05
36  46  8.700520993443206e-05
7  15  8.699552563484758e-05
23  57  8.650699601275846e-05
22  62  8.593146048951894e-05
16  44  8.524308213964105e-05
23  51  8.476429502479732e-05
25  55  8.381799125345424e-05
18  46  8.287938544526696e-05
55  67  8.265119686257094e-05
13  27  8.255857392214239e-05
22  56  8.244692435255274e-05
15  36  8.223182521760464e-05
14  42  8.203452307498083e-05
31  65  8.066668669926003e-05
26  59  8.02627473603934e-05
28  56  8.008532313397154e-05
44  61  7.973078754730523e-05
38  58  7.877831376390532e-05
56  65  7.85809097578749e-05
25  31  7.836979057174176e-05
56  66  7.82431015977636e-05
27  35  7.813908450771123e-05
27  61  7.77629466028884e-05
30  60  7.758167339488864e-05
45  57  7.707892655162141e-05
42  48  7.660139817744493e-05
34  65  7.599098171340302e-05
26  57  7.493306475225836e-05
22  58  7.477413601009175e-05
31  37  7.41786789149046e-05
9  38  7.27085571270436e-05
10  44  7.244218431878835e-05
27  54  7.22986733308062e-05
16  45  7.196770457085222e-05
15  26  7.058540359139442e-05
40  51  7.02453835401684e-05
38  44  6.932180258445442e-05
14  23  6.816212408011779e-05
40  48  6.777895032428205e-05
17  42  6.736407522112131e-05
14  28  6.725843559252098e-05
7  17  6.71246598358266e-05
24  53  6.702788959955797e-05
32  39  6.686362030450255e-05
23  31  6.658374331891537e-05
22  52  6.646051042480394e-05
11  37  6.583009962923825e-05
44  65  6.574954022653401e-05
25  52  6.563246279256418e-05
13  32  6.551224942086264e-05
24  30  6.543824565596879e-05
32  58  6.493608088931069e-05
40  49  6.463486352004111e-05
28  43  6.426480103982612e-05
26  58  6.40749785816297e-05
6  41  6.302187830442563e-05
31  39  6.298388325376436e-05
20  30  6.197569746291265e-05
34  41  6.184788071550429e-05
24  52  6.171467248350382e-05
26  62  6.127163942437619e-05
9  37  6.111442053224891e-05
53  68  6.0871931054862216e-05
19  48  6.077157013351098e-05
33  61  6.057827704353258e-05
26  60  6.0267208027653396e-05
51  68  5.9722427977249026e-05
39  45  5.934096407145262e-05
30  62  5.922889249632135e-05
16  43  5.899329698877409e-05
20  35  5.8875019021797925e-05
27  65  5.87895410717465e-05
31  56  5.8769532188307494e-05
54  66  5.8260266087017953e-05
15  35  5.804274042020552e-05
10  42  5.7986915635410696e-05
17  45  5.7928638852899894e-05
37  62  5.780374340247363e-05
18  44  5.756214522989467e-05
37  56  5.7469507737550884e-05
29  56  5.735154991270974e-05
52  68  5.6551496527390555e-05
37  61  5.6511293223593384e-05
13  33  5.631509702652693e-05
10  26  5.549594425247051e-05
25  54  5.540893107536249e-05
22  57  5.523886648006737e-05
20  44  5.467457231134176e-05
31  58  5.37075538886711e-05
54  67  5.3274623496690765e-05
34  40  5.2854309615213424e-05
18  42  5.215814235270955e-05
56  67  5.207872891332954e-05
32  40  5.171468365006149e-05
21  61  5.167209019418806e-05
47  65  5.154740938451141e-05
20  48  5.151108052814379e-05
37  43  5.117055115988478e-05
40  50  5.0827788072638214e-05
17  31  5.047837476013228e-05
25  53  5.0388243835186586e-05
22  51  5.0081249355571344e-05
26  65  4.995118797523901e-05
7  41  4.980043013347313e-05
49  68  4.9646499974187464e-05
37  44  4.942592931911349e-05
45  61  4.933926902594976e-05
36  54  4.9142585339723155e-05
55  66  4.893993173027411e-05
17  40  4.814173735212535e-05
11  41  4.7970752348192036e-05
16  26  4.7335735871456563e-05
48  66  4.72096107841935e-05
30  59  4.663725121645257e-05
20  43  4.659070327761583e-05
30  57  4.632582567865029e-05
34  55  4.5621251047123224e-05
54  64  4.536968481261283e-05
39  48  4.52984641015064e-05
41  61  4.500486102188006e-05
12  34  4.499205169850029e-05
33  62  4.489240745897405e-05
50  68  4.431768320500851e-05
26  61  4.3708507291739807e-05
38  56  4.3470474338391796e-05
32  56  4.346121568232775e-05
33  58  4.23826822952833e-05
36  42  4.227048339089379e-05
28  46  4.216134766465984e-05
13  41  4.216005254420452e-05
20  46  4.188435559626669e-05
37  53  4.172770059085451e-05
22  60  4.1128725570160896e-05
27  52  4.0959930629469454e-05
34  59  4.07494226237759e-05
22  31  4.0614129829918966e-05
23  32  4.059390630573034e-05
49  65  4.046678077429533e-05
29  35  4.0147031540982425e-05
23  50  3.9942398871062323e-05
19  44  3.889274375978857e-05
36  52  3.8693360693287104e-05
29  36  3.815430318354629e-05
20  49  3.795757220359519e-05
31  43  3.767908856389113e-05
16  32  3.765505607589148e-05
10  40  3.7469042581506073e-05
27  53  3.7270110624376684e-05
21  48  3.709107113536447e-05
23  30  3.705981362145394e-05
20  36  3.704361733980477e-05
53  66  3.677570930449292e-05
26  34  3.630801074905321e-05
17  36  3.6089360946789384e-05
13  40  3.567629028111696e-05
32  38  3.563519203453325e-05
49  61  3.5508128348737955e-05
10  27  3.54925068677403e-05
34  56  3.536764779710211e-05
26  56  3.487240610411391e-05
27  33  3.484960689092986e-05
38  54  3.4831715311156586e-05
33  40  3.472145181149244e-05
35  41  3.472065145615488e-05
27  36  3.4710817999439314e-05
10  39  3.4393313399050385e-05
19  47  3.3653879654593766e-05
37  46  3.343615753692575e-05
31  38  3.3317177440039814e-05
42  51  3.318734889035113e-05
31  40  3.315942012704909e-05
28  34  3.310498868813738e-05
53  67  3.2799940527183935e-05
51  61  3.275720155215822e-05
22  61  3.2297790312441066e-05
42  49  3.210342401871458e-05
28  37  3.199099955963902e-05
18  43  3.181623469572514e-05
37  65  3.174700395902619e-05
48  68  3.157880564685911e-05
52  67  3.1197036150842905e-05
39  51  3.115967774647288e-05
29  38  3.103821654804051e-05
30  61  3.09519273287151e-05
51  66  3.091630060225725e-05
32  41  3.084731361013837e-05
18  45  3.073569678235799e-05
14  29  3.070850289077498e-05
37  52  3.0620369216194376e-05
11  34  3.05870889860671e-05
37  45  3.056881905649789e-05
36  44  3.031282903975807e-05
26  33  3.028049468412064e-05
17  39  3.0118575523374602e-05
16  41  3.0022392820683308e-05
30  65  2.981365287269e-05
30  58  2.869157469831407e-05
21  49  2.8544960514409468e-05
14  41  2.814588697219733e-05
17  35  2.7734677132684737e-05
39  50  2.7505750040290877e-05
34  62  2.7408023015595973e-05
36  47  2.722919271036517e-05
33  41  2.718554242164828e-05
33  48  2.677899283298757e-05
11  30  2.653134652064182e-05
29  55  2.6520421670284122e-05
41  50  2.6482548491912894e-05
24  33  2.63926758634625e-05
35  54  2.623084219521843e-05
17  33  2.611696436360944e-05
15  33  2.6066694772453047e-05
22  50  2.5754763555596583e-05
31  42  2.5544324671500362e-05
25  33  2.5438986995141022e-05
32  46  2.5289031327702105e-05
24  46  2.5277369786635973e-05
36  53  2.5260576876462437e-05
55  65  2.5135781470453367e-05
24  35  2.5004188501043245e-05
14  40  2.4955896151368506e-05
50  65  2.479480463080108e-05
37  48  2.4481800210196525e-05
18  40  2.444322672090493e-05
16  40  2.4303844838868827e-05
9  34  2.4148172087734565e-05
34  54  2.40884273807751e-05
32  47  2.4037786715780385e-05
50  67  2.3635817342437804e-05
24  39  2.3449412765330635e-05
27  34  2.3448617866961285e-05
21  47  2.3279433662537485e-05
38  45  2.3130414774641395e-05
17  41  2.3078186131897382e-05
20  42  2.2884503778186627e-05
28  47  2.2839174562250264e-05
10  41  2.2245123545872048e-05
13  39  2.2221032850211486e-05
35  52  2.2142943635117263e-05
13  31  2.208052683272399e-05
28  39  2.2028425519238226e-05
30  36  2.198435686295852e-05
24  50  2.1962598111713305e-05
38  53  2.1915393517701887e-05
41  48  2.1650766939274035e-05
10  33  2.1351810573833063e-05
34  61  2.1321960957720876e-05
33  42  2.1152998670004308e-05
33  39  2.1083113097120076e-05
32  43  2.1002095309086144e-05
51  67  2.0725172362290323e-05
33  54  2.0624436729121953e-05
26  52  2.0610021238098852e-05
34  52  2.0568759282468818e-05
36  45  2.0348419639049098e-05
19  31  2.0313253116910346e-05
33  52  2.0182244043098763e-05
28  40  2.0024423065478913e-05
36  48  2.0017652786918916e-05
49  67  1.9967164917034097e-05
34  58  1.963635986612644e-05
21  31  1.940392394317314e-05
25  34  1.935902218974661e-05
23  49  1.934892134158872e-05
38  52  1.920100476127118e-05
14  26  1.904356395243667e-05
15  37  1.9009832612937316e-05
34  53  1.897168840514496e-05
35  53  1.8718203136813827e-05
35  42  1.8676773834158666e-05
24  47  1.8508118955651298e-05
26  53  1.8475449905963615e-05
29  37  1.8466864275978878e-05
37  49  1.8420359992887825e-05
26  55  1.8386013834970072e-05
39  49  1.834486101870425e-05
52  66  1.8286376871401444e-05
37  51  1.8231932699563913e-05
22  32  1.811105539673008e-05
33  45  1.79787657543784e-05
20  40  1.778518344508484e-05
24  36  1.7783873772714287e-05
41  51  1.7613641830394045e-05
30  37  1.758739563229028e-05
15  38  1.7574233424966224e-05
22  49  1.7366766769555397e-05
13  36  1.736615740810521e-05
50  64  1.7273359844693914e-05
34  42  1.7264424968743697e-05
10  36  1.7172680600197054e-05
13  37  1.7106340237660334e-05
42  50  1.6785978004918434e-05
52  64  1.6742567822802812e-05
37  50  1.662179420236498e-05
38  46  1.6612117178738117e-05
35  43  1.658010842220392e-05
19  32  1.6564699762966484e-05
14  32  1.6507716281921603e-05
20  33  1.646790224185679e-05
18  35  1.641226299398113e-05
27  51  1.636788329051342e-05
21  30  1.6253839930868708e-05
25  51  1.6234100257861428e-05
25  50  1.6218058590311557e-05
20  39  1.604411045263987e-05
24  51  1.5998512026271783e-05
32  54  1.5978430383256637e-05
17  37  1.585691461514216e-05
28  54  1.5784969946253113e-05
16  39  1.5670921129640192e-05
33  50  1.5612302377121523e-05
32  44  1.5559009625576437e-05
10  31  1.5455791071872227e-05
29  46  1.5266014088410884e-05
38  47  1.5226452887873165e-05
14  39  1.5161076589720324e-05
19  46  1.5059898942126893e-05
31  46  1.4818242561887018e-05
13  38  1.4779509001527913e-05
38  48  1.4689024283143226e-05
33  55  1.4665244634670671e-05
29  53  1.4576621651940513e-05
17  34  1.4520157492370345e-05
35  47  1.4451379684032872e-05
18  32  1.4416687008633744e-05
29  54  1.4353128790389746e-05
33  46  1.4330200428958051e-05
21  44  1.4132747310213745e-05
41  49  1.4117620594333857e-05
18  41  1.407592571922578e-05
24  40  1.3949072126706596e-05
26  35  1.3929598026152235e-05
35  44  1.3873991520085838e-05
30  56  1.3775013940175995e-05
16  31  1.3759599823970348e-05
18  34  1.3659000615007244e-05
14  27  1.3608087101601996e-05
10  35  1.3520779248210602e-05
34  45  1.3438911992125213e-05
35  50  1.3420680261333473e-05
33  56  1.3414638488029595e-05
23  47  1.3353855138120707e-05
24  43  1.326250821875874e-05
31  54  1.3199794921092689e-05
23  48  1.3015082004130818e-05
25  49  1.3012658200750593e-05
38  50  1.2976437574252486e-05
26  54  1.2949971278430894e-05
29  52  1.2827267710235901e-05
25  44  1.2725803571811412e-05
37  47  1.2705330846074503e-05
30  55  1.2686609807133209e-05
23  46  1.2670971045736223e-05
13  30  1.2596079614013433e-05
30  38  1.2582527233462315e-05
22  48  1.2487259482441004e-05
28  44  1.2433140909706708e-05
54  65  1.2333895938354544e-05
21  33  1.2309040357649792e-05
13  35  1.2271764717297629e-05
14  38  1.1970774721703492e-05
20  38  1.1802285371231847e-05
21  32  1.1602582162595354e-05
16  35  1.1509848263813183e-05
35  46  1.1508259376569185e-05
19  42  1.1363948942744173e-05
18  33  1.1210603588551749e-05
20  34  1.1176968655490782e-05
48  61  1.1125379387522116e-05
53  65  1.1113529581052717e-05
26  51  1.099431756301783e-05
27  39  1.0886369636864401e-05
19  45  1.086652173398761e-05
38  49  1.0755360563052818e-05
32  42  1.0752394700830337e-05
17  38  1.068582059815526e-05
19  40  1.0581302376522217e-05
33  53  1.0543138159846421e-05
31  53  1.0437962373543996e-05
14  35  1.0308713171980344e-05
25  48  1.0307769116479903e-05
16  33  1.0262149771733675e-05
29  45  1.0137156095879618e-05
18  31  1.0133002433576621e-05
16  38  9.853564733930398e-06
34  46  9.828452675719745e-06
53  64  9.805663466977421e-06
38  51  9.612354915589094e-06
33  51  9.59776298259385e-06
35  51  9.537436199025251e-06
18  36  9.484529982728418e-06
33  44  9.437006156076677e-06
18  39  9.397514077136293e-06
25  42  9.288252840633504e-06
26  38  9.278937795897946e-06
22  33  9.22767139854841e-06
17  30  9.07778121472802e-06
30  52  8.9229506556876e-06
19  43  8.903635716706049e-06
52  65  8.832115781842731e-06
26  41  8.712921044207178e-06
27  43  8.699500540387817e-06
27  42  8.63458808453288e-06
24  49  8.5190731624607e-06
36  51  8.515860827174038e-06
29  44  8.481654731440358e-06
19  35  8.410004738834687e-06
28  53  8.369303941435646e-06
25  40  8.369296665478032e-06
34  49  8.364954737771768e-06
48  67  8.354972123925108e-06
23  34  8.275784239231143e-06
18  37  8.269932550319936e-06
24  42  8.263945346698165e-06
14  31  8.258223715529311e-06
34  50  8.241237992479e-06
31  44  8.224780685850419e-06
25  35  8.20595960249193e-06
28  38  8.155743671522941e-06
30  53  8.136308679240756e-06
19  41  8.026622708712239e-06
25  38  7.985865522641689e-06
23  33  7.959537470014766e-06
27  44  7.935985195217654e-06
33  49  7.915493370092008e-06
31  52  7.799231752869673e-06
15  34  7.701899448875338e-06
10  37  7.596808245580178e-06
27  46  7.5184452725807205e-06
18  30  7.479660780518316e-06
21  46  7.471215212717652e-06
34  51  7.4673012022685725e-06
25  46  7.4493655120022595e-06
25  47  7.367260877799708e-06
10  30  7.354951776505914e-06
20  45  7.338899649766972e-06
49  64  7.31194086256437e-06
14  33  7.309648935915902e-06
19  34  7.308703061426058e-06
25  37  7.2360980993835256e-06
32  52  7.202908818726428e-06
19  33  7.145413292164449e-06
10  38  7.1133872552309185e-06
26  42  7.108459158189362e-06
18  38  7.08612242306117e-06
24  44  7.026124876574613e-06
14  37  7.006678515608655e-06
33  47  6.972843493713299e-06
16  36  6.945608220121358e-06
22  34  6.897073035361245e-06
30  45  6.867970114399213e-06
31  49  6.851104444649536e-06
24  48  6.827525339758722e-06
24  34  6.7765922722173855e-06
22  38  6.70992130835657e-06
22  47  6.694169769616565e-06
25  36  6.612370725633809e-06
27  50  6.592960744455922e-06
30  54  6.534130534419091e-06
14  36  6.531752660521306e-06
27  49  6.4899995777523145e-06
25  43  6.42596569377929e-06
34  43  6.391592251020484e-06
28  52  6.345656856865389e-06
34  44  6.31959210295463e-06
20  41  6.289172233664431e-06
15  30  6.27619829174364e-06
20  37  6.258414487092523e-06
51  64  6.231402039702516e-06
51  65  6.103239684307482e-06
21  34  6.076327736082021e-06
36  50  6.066295100026764e-06
32  45  6.0492902775877155e-06
31  50  5.999018412694568e-06
31  45  5.978131412121002e-06
32  51  5.962676823401125e-06
23  44  5.956211225566221e-06
22  44  5.902001703361748e-06
32  53  5.892214176128618e-06
16  30  5.846090971317608e-06
31  41  5.71317650610581e-06
28  42  5.709724518965231e-06
29  40  5.578734999289736e-06
27  47  5.53832342120586e-06
30  39  5.503408829099499e-06
14  34  5.478217644849792e-06
29  41  5.435595994640607e-06
23  35  5.411322035797639e-06
25  39  5.374356078391429e-06
19  36  5.367786798160523e-06
26  50  5.358251655707136e-06
27  37  5.31542445969535e-06
26  49  5.262236300040968e-06
35  48  5.219751074037049e-06
26  48  5.1780093599518295e-06
30  46  5.1432516556815244e-06
27  40  5.140359917277237e-06
30  43  5.135724677529652e-06
16  37  5.100621820020024e-06
48  65  5.078559297544416e-06
31  51  5.047767444921192e-06
21  36  4.942839950672351e-06
32  48  4.942117357131792e-06
27  48  4.840349902224261e-06
32  49  4.838437689613784e-06
22  45  4.82283076053136e-06
31  47  4.814948624698445e-06
29  51  4.792478193849092e-06
21  42  4.773905402544187e-06
29  39  4.768553480971605e-06
36  49  4.734915364679182e-06
29  48  4.729228749056347e-06
23  38  4.65801213067607e-06
32  50  4.546484888123814e-06
24  38  4.5426095311995596e-06
29  43  4.469021860131761e-06
19  30  4.387109584058635e-06
21  35  4.379671736387536e-06
13  34  4.344124135968741e-06
22  46  4.339741281000897e-06
28  51  4.318133960623527e-06
28  45  4.313715180614963e-06
29  47  4.277639618521789e-06
35  49  4.269364126230357e-06
23  42  4.2588608266669326e-06
27  38  4.195907877146965e-06
26  39  4.158798674325226e-06
28  41  4.101400918443687e-06
21  45  4.020842879981501e-06
30  42  4.0039308260020334e-06
24  37  3.94062590203248e-06
30  48  3.861784989567241e-06
21  37  3.827712134807371e-06
16  34  3.82335156245972e-06
26  36  3.8054806736909086e-06
26  37  3.803377694566734e-06
21  41  3.7785189306305256e-06
22  36  3.763269432965899e-06
22  37  3.723743020600523e-06
48  64  3.675961579574505e-06
29  42  3.5604955428425455e-06
34  48  3.5530269997252617e-06
35  45  3.530800768203335e-06
33  43  3.469582679826999e-06
30  44  3.4686127037275583e-06
10  34  3.4433132896083407e-06
22  35  3.371814500496839e-06
25  41  3.3580392937437864e-06
23  43  3.3433020689699333e-06
30  40  3.2461443879583385e-06
25  45  3.2303360057994723e-06
19  37  3.224256943212822e-06
23  45  3.2206580726779066e-06
21  40  3.1940271583152935e-06
29  49  3.0558926482626703e-06
31  48  3.005790404131403e-06
30  49  2.987634616147261e-06
23  37  2.933776841018698e-06
21  38  2.917759047704749e-06
28  48  2.9138134323147824e-06
28  50  2.7641060569294496e-06
30  41  2.6809066184796393e-06
14  30  2.6588074888422852e-06
23  39  2.6204688765574247e-06
26  40  2.5813728825596627e-06
24  45  2.5217509573849384e-06
26  47  2.4551920887461165e-06
29  50  2.348937641727389e-06
34  47  2.341020717722131e-06
19  38  2.326760068172007e-06
19  39  2.2644819637207547e-06
27  41  2.2493536562251393e-06
21  43  2.2320296011457685e-06
23  36  2.204420752605074e-06
22  42  2.204135398642393e-06
22  41  2.201215465902351e-06
26  44  2.1913026557740523e-06
30  51  2.141823642887175e-06
28  49  2.1245966763672186e-06
30  47  1.8947380340250675e-06
27  45  1.8859553847505595e-06
26  46  1.8167236248700647e-06
24  41  1.8046262084681075e-06
30  50  1.7548102277942235e-06
23  41  1.5266449508999358e-06
22  40  1.4404329249373404e-06
23  40  1.2472039543354185e-06
26  45  1.2041699619658175e-06
22  39  1.1926171055165469e-06
21  39  1.0453354661876801e-06
22  43  9.249228014596156e-07
26  43  6.920227519913169e-07
